3000 1000 1000
85 78
31 6
53 53
6 74
7 25
63 76
46 12
29 44
90 42
37 19
9 0
34 8
20 75
24 14
98 45
6 98
45 61
66 66
49 58
13 20
74 2
3 2
77 55
23 95
99 22
64 20
84 95
32 77
70 94
53 62
78 46
65 11
46 23
16 38
90 53
73 91
36 41
22 12
80 3
79 85
44 25
83 14
80 82
17 57
19 96
20 82
76 87
26 50
42 67
5 93
62 6
45 54
82 61
45 71
32 68
33 74
11 68
2 78
65 12
68 15
33 59
93 1
41 43
22 7
5 53
44 16
83 23
34 26
17 50
19 17
5 70
62 9
49 52
49 97
0 5
92 78
82 53
5 46
50 13
89 30
79 43
1 58
38 97
95 80
11 65
12 81
33 60
90 7
54 33
37 87
22 30
26 85
64 88
89 29
88 81
17 43
76 69
59 7
81 22
62 48
45 40
27 52
30 89
13 63
99 13
63 19
85 98
5 84
14 38
94 38
65 30
11 70
19 6
93 19
97 80
5 39
44 6
86 50
51 76
56 1
37 33
94 18
98 49
62 59
3 63
35 23
0 19
74 38
58 79
39 99
46 51
29 9
51 36
2 45
58 62
5 32
79 41
83 42
66 14
47 16
25 49
52 77
92 85
91 58
94 21
42 39
62 34
10 12
67 53
13 49
70 34
38 59
82 33
63 1
76 12
33 86
90 97
18 79
75 2
39 24
4 14
43 93
100 26
46 58
68 99
97 98
98 80
61 92
9 46
66 9
69 26
86 76
91 51
10 55
67 58
13 42
74 40
25 31
64 78
11 28
50 49
14 59
71 62
1 6
58 81
43 82
21 64
72 62
2 63
95 73
9 87
30 42
34 57
10 62
49 73
50 89
13 35
35 10
18 46
92 41
40 95
43 58
99 41
89 67
71 55
77 6
80 69
26 1
100 8
0 29
11 98
23 78
15 33
76 17
98 98
64 5
34 48
37 64
20 3
76 96
59 56
24 70
49 66
13 92
35 51
18 41
74 90
99 12
3 90
99 46
63 60
40 73
85 15
50 35
71 44
1 16
58 99
44 82
7 94
46 79
51 0
6 1
71 57
2 49
8 18
79 13
62 79
9 65
66 18
30 20
88 59
34 75
55 52
96 75
23 47
67 17
50 75
94 57
87 50
35 56
74 69
57 11
38 39
96 58
43 40
63 37
11 3
72 51
75 46
39 60
22 92
100 62
83 94
48 12
15 55
73 20
93 73
24 37
88 2
87 90
96 66
71 4
10 43
84 54
50 66
96 93
70 1
18 27
75 86
95 27
43 33
64 90
14 23
72 58
36 0
1 98
97 22
61 8
82 96
100 37
69 88
17 98
76 62
41 100
24 44
79 19
10 67
86 99
34 93
0 85
3 32
59 79
24 91
6 31
64 50
84 61
67 31
99 69
100 93
29 71
14 30
90 87
39 50
61 1
7 69
88 97
69 65
37 5
24 51
98 6
79 24
62 96
30 9
88 16
0 44
56 57
55 3
96 80
77 18
60 78
6 22
84 68
67 4
32 34
18 13
75 68
88 62
8 11
29 64
33 5
53 74
36 54
2 98
58 7
97 32
7 66
91 27
48 49
51 28
17 92
56 81
2 21
41 86
24 58
27 7
78 26
49 22
88 23
87 97
0 35
77 11
6 9
64 0
28 62
67 13
18 4
92 3
39 83
4 55
65 39
11 47
68 20
33 30
16 50
39 32
26 97
78 69
51 52
86 5
17 85
56 88
19 76
94 69
24 1
5 97
82 74
74 17
60 92
23 72
11 5
45 91
84 74
92 26
40 16
39 72
60 51
100 74
63 70
46 10
85 53
53 92
93 53
41 55
44 36
83 3
48 47
12 61
69 60
15 16
19 85
20 77
76 34
42 94
27 21
49 0
30 98
13 26
52 11
34 72
0 49
92 98
60 91
99 16
64 30
45 84
85 77
21 27
78 36
99 97
7 55
11 93
16 32
90 43
73 81
54 93
93 14
41 56
22 10
80 13
52 99
37 12
98 42
67 83
13 19
87 12
90 45
25 48
99 25
85 86
50 24
31 14
70 95
57 58
40 30
21 36
78 47
68 1
33 33
74 52
54 84
41 33
80 4
61 62
73 43
37 53
94 62
77 94
42 64
81 27
87 5
52 25
8 95
44 57
50 19
33 73
89 20
71 92
61 66
93 23
40 5
93 70
48 69
27 94
16 30
90 61
54 47
1 81
2 65
79 93
83 22
40 38
47 4
12 42
69 23
34 27
94 33
42 75
5 69
81 28
29 97
67 65
70 62
0 6
74 53
96 10
8 70
64 99
28 25
65 34
80 99
7 7
65 4
33 51
19 0
59 20
22 31
61 48
27 64
86 56
37 39
20 97
6 84
45 39
10 27
84 6
49 44
70 49
91 92
96 1
44 80
8 77
67 52
32 83
71 82
57 77
26 42
5 27
65 29
19 1
93 18
58 52
97 87
79 35
26 93
83 36
47 10
51 79
34 45
91 36
37 32
97 95
57 6
46 86
49 37
13 55
0 20
74 39
38 1
72 17
18 85
1 11
39 98
95 65
100 28
51 39
72 96
54 48
37 88
58 63
41 29
22 41
79 40
62 80
9 36
77 66
42 36
62 35
10 13
49 94
13 48
87 41
35 31
92 84
55 64
38 56
63 0
50 55
81 72
72 24
53 26
1 12
39 27
26 60
100 27
46 59
29 1
63 74
6 87
76 28
22 32
79 49
62 91
52 85
5 73
55 40
94 29
84 19
67 61
32 9
13 41
70 26
74 41
55 89
40 89
31 85
53 99
21 74
22 72
80 79
83 74
32 24
2 60
61 84
30 43
52 92
91 11
59 34
45 11
10 63
50 86
13 34
35 13
92 42
38 42
95 47
43 61
82 16
11 20
50 41
3 92
36 20
75 51
26 14
19 37
5 26
62 69
66 24
15 81
20 12
94 15
29 52
45 4
49 65
87 52
70 20
35 50
18 38
92 33
57 1
40 71
96 36
4 85
99 81
11 13
85 14
14 10
71 47
1 23
39 6
7 89
47 70
51 3
15 41
36 98
62 76
30 21
63 96
15 94
91 25
56 37
72 83
42 24
25 64
67 16
32 30
13 84
89 35
70 15
92 56
75 80
4 92
43 43
8 23
63 36
28 74
85 23
89 76
71 36
75 33
97 28
80 52
61 14
7 86
47 79
54 23
19 51
93 72
76 0
24 38
30 28
88 3
87 85
91 30
55 12
59 73
24 85
23 39
81 100
64 60
10 40
89 36
70 6
92 55
75 73
40 53
96 50
95 26
43 32
99 95
7 62
89 85
32 67
97 21
7 79
48 4
51 17
16 93
94 81
60 33
27 61
52 48
35 88
0 86
77 24
28 41
32 44
13 70
92 14
57 20
38 86
39 92
60 39
43 25
29 68
65 84
11 48
85 25
68 39
52 35
53 64
36 8
39 45
7 68
12 17
5 72
16 84
73 5
19 65
59 93
46 25
98 7
79 27
27 1
36 10
96 77
52 63
20 32
96 81
82 92
18 10
40 35
39 85
99 77
65 45
87 17
85 34
71 19
2 99
58 4
80 25
44 55
48 50
12 8
15 13
56 82
93 83
94 67
24 59
20 47
77 10
81 79
27 73
32 52
60 53
7 37
48 90
68 21
16 51
78 74
9 20
12 7
69 50
15 10
37 25
24 2
98 25
42 96
62 19
21 30
0 59
59 85
60 93
23 75
81 64
64 24
32 49
31 27
89 0
34 54
4 63
7 34
65 63
46 11
68 28
90 33
36 37
93 52
41 54
97 49
79 65
86 29
17 77
73 56
59 97
81 40
62 26
27 20
0 50
92 99
8 82
32 72
89 9
53 51
57 48
40 24
21 26
4 38
11 92
54 82
58 17
41 63
22 11
78 84
44 28
83 11
12 53
15 24
19 93
98 43
6 96
45 59
24 78
99 24
32 79
53 60
21 35
78 44
8 40
7 16
73 89
1 95
58 24
41 32
80 5
44 27
34 1
76 81
59 11
24 23
98 34
81 26
29 98
51 85
66 91
67 91
87 4
38 29
42 90
82 59
45 69
85 94
50 16
89 27
1 39
75 24
21 44
78 59
29 60
12 84
68 9
72 76
36 82
97 68
5 51
26 72
66 35
12 43
16 62
51 64
37 61
76 72
5 68
67 64
30 84
13 4
0 7
92 72
38 20
44 84
28 26
25 72
14 93
18 96
97 37
12 83
75 70
93 24
58 42
41 18
97 93
79 37
26 83
9 57
47 12
25 51
34 19
76 71
40 81
84 7
67 73
30 95
13 61
70 54
74 61
18 91
57 76
58 66
21 62
4 26
80 91
98 99
51 33
73 76
36 64
4 68
27 88
30 55
51 78
56 3
50 54
94 16
25 98
45 31
10 3
84 14
67 78
70 41
0 21
72 18
21 71
78 8
42 52
100 29
90 23
21 66
54 49
90 74
41 28
22 46
98 87
61 65
27 81
30 62
88 33
15 69
37 40
94 27
49 93
30 73
87 40
74 47
38 57
25 20
64 73
50 52
72 25
53 25
18 77
1 3
58 84
39 26
4 8
78 19
26 61
83 68
19 22
93 99
76 29
46 95
97 79
9 44
66 7
86 66
51 92
52 86
91 53
94 2
42 44
62 43
10 53
67 60
40 90
60 5
25 29
64 64
18 68
1 4
80 64
100 3
83 77
68 84
69 98
90 25
44 9
41 14
22 56
61 83
27 47
87 73
17 21
0 75
94 5
71 67
10 60
67 37
76 85
96 46
99 43
52 34
11 23
75 50
48 92
21 82
97 1
80 71
5 88
26 15
83 82
36 100
19 36
98 96
9 94
10 84
52 36
21 92
56 31
76 98
24 72
10 39
84 34
49 64
50 78
87 55
35 53
57 0
96 37
4 86
82 8
85 13
50 33
25 81
14 11
71 46
36 28
1 22
97 26
78 100
47 65
51 2
15 40
36 99
76 10
62 77
9 71
30 26
87 95
34 73
0 89
3 52
42 25
25 71
13 83
70 12
35 58
92 57
38 37
96 60
95 28
99 89
65 89
28 75
9 61
90 67
75 32
21 100
80 53
48 14
47 78
12 28
69 93
81 95
73 26
19 50
41 97
88 4
52 42
35 82
56 45
20 19
23 38
81 91
70 7
18 25
74 74
57 18
38 92
3 74
95 5
99 94
28 66
68 57
89 84
72 60
1 96
26 24
48 5
12 27
14 28
69 70
15 62
56 69
6 73
76 56
98 13
10 65
56 52
55 4
20 26
23 63
82 98
67 1
13 69
35 40
18 16
75 65
40 61
60 32
63 85
29 69
85 24
68 32
89 93
71 21
34 32
39 44
97 45
80 35
26 99
47 92
69 79
50 72
19 64
76 55
42 99
3 16
30 15
0 46
19 29
3 43
23 52
81 85
28 33
23 96
57 28
38 78
39 84
95 11
60 63
7 47
11 40
72 42
36 48
2 96
58 5
9 18
48 51
15 12
19 73
2 19
81 61
27 25
17 96
53 31
34 88
67 15
23 91
38 65
39 77
75 10
29 87
68 22
63 67
53 81
36 63
9 27
48 42
12 0
73 54
56 90
94 75
42 85
98 22
66 79
49 13
34 100
35 78
0 60
74 31
60 94
23 74
81 71
82 79
45 89
28 55
84 84
42 13
89 7
77 39
57 46
40 18
21 16
8 59
65 62
46 8
85 51
68 29
25 90
90 46
71 0
36 38
1 76
6 20
61 42
86 18
15 18
73 63
37 1
20 79
76 92
42 92
30 96
23 83
74 6
20 62
3 30
60 85
99 18
84 83
32 73
4 39
78 42
99 99
63 73
46 19
11 95
90 41
50 15
93 12
97 73
80 15
44 29
40 36
69 35
21 14
88 94
42 71
52 76
59 98
82 65
45 75
84 90
50 22
48 64
82 22
36 84
2 68
97 66
78 92
61 60
83 19
12 45
88 70
69 44
34 30
17 62
59 10
81 25
62 5
66 88
31 96
91 64
38 18
3 12
25 63
99 0
82 56
45 68
28 28
84 97
85 93
50 17
40 7
21 43
26 38
100 97
65 1
68 10
2 95
79 95
44 19
47 6
34 25
91 40
37 60
20 100
42 73
62 12
10 30
67 67
30 85
0 24
92 73
63 23
50 8
33 64
14 34
53 13
32 74
4 28
7 1
63 100
46 36
11 66
14 78
33 49
16 23
3 75
37 84
37 31
58 43
4 91
5 59
26 80
51 72
17 40
20 99
77 78
5 76
81 11
62 55
45 37
87 21
70 55
74 58
55 76
95 53
32 85
70 70
53 22
21 61
57 89
42 55
29 13
36 65
37 93
93 16
58 50
41 26
98 93
86 49
34 43
1 97
77 71
42 59
23 15
10 0
84 15
30 71
13 53
92 95
25 18
14 44
71 69
18 83
1 9
75 14
97 77
4 2
43 89
26 51
51 41
90 20
58 61
40 97
66 13
30 63
36 75
69 0
52 72
91 63
94 24
42 34
23 4
81 5
62 33
45 23
10 11
84 22
30 78
13 46
92 32
25 27
63 2
32 99
14 55
61 93
58 85
95 72
43 94
48 99
90 31
19 25
57 37
5 22
61 89
37 9
59 47
42 45
23 29
10 50
32 11
31 77
40 91
96 40
4 97
60 6
25 28
64 65
63 11
72 1
75 60
21 72
97 15
100 12
83 76
34 90
30 41
88 48
17 20
91 13
56 25
55 35
76 100
42 20
6 54
45 9
84 36
32 2
87 57
35 15
18 45
92 36
40 66
37 71
95 41
99 42
82 14
29 96
85 3
50 39
14 1
72 8
1 28
22 65
78 98
83 85
48 17
29 17
51 60
15 34
2 53
94 98
22 48
5 24
66 22
47 40
30 16
87 65
52 37
59 61
42 31
97 82
64 32
49 71
70 10
38 35
3 95
95 22
99 83
63 57
76 8
36 29
1 21
75 42
39 0
26 23
7 91
69 83
15 43
73 16
54 18
76 11
9 70
10 92
27 59
86 84
0 90
96 78
77 100
42 6
25 70
24 3
100 94
84 42
67 18
50 70
13 82
70 13
18 31
57 8
63 38
28 68
85 21
68 51
90 64
71 38
36 4
80 54
16 88
15 48
54 21
37 99
2 7
93 34
24 40
5 10
29 33
10 71
88 5
34 65
35 85
55 14
20 28
77 29
42 1
64 62
67 27
32 23
18 22
92 49
75 75
96 52
11 61
14 26
97 43
100 32
12 20
25 36
16 95
6 6
76 57
79 28
27 10
66 99
52 50
55 7
77 22
23 62
67 0
89 51
39 94
82 90
43 27
8 7
7 49
11 50
61 86
97 44
80 36
100 47
48 61
37 21
2 25
94 94
41 82
24 54
10 73
30 12
59 89
60 73
49 84
64 12
40 37
21 13
99 79
65 35
11 43
68 40
33 26
63 64
2 97
39 36
22 100
78 65
47 100
86 1
17 81
76 47
41 91
98 28
9 98
67 97
0 38
74 21
72 88
77 8
84 78
32 60
89 61
53 47
92 30
4 50
7 39
46 6
11 32
41 51
78 72
27 96
36 67
56 91
19 81
49 12
13 30
55 18
3 24
23 69
28 48
31 5
70 96
53 40
26 89
65 61
46 9
16 44
58 20
41 52
9 3
48 34
63 52
34 13
17 67
73 62
37 0
19 87
41 69
24 11
5 87
51 83
49 5
30 97
52 22
0 52
74 7
8 12
64 17
28 15
84 92
50 28
89 15
57 54
4 32
5 63
65 54
85 59
33 45
72 64
93 11
22 9
78 90
79 72
44 30
9 4
66 47
12 55
17 68
19 95
20 87
76 84
42 68
5 80
81 39
66 94
74 14
25 53
8 91
28 6
1 44
40 1
78 50
7 18
65 15
48 65
11 87
68 12
33 38
16 26
90 49
36 85
2 69
41 38
97 65
61 59
32 20
2 83
94 61
66 89
70 58
35 100
60 100
8 66
84 98
85 92
32 88
33 78
89 25
75 26
4 22
65 0
12 86
16 17
36 92
22 27
23 49
47 1
17 54
91 43
94 36
59 2
24 96
98 59
81 17
62 13
45 43
49 40
13 2
87 31
0 25
40 96
86 89
63 22
50 9
33 71
89 98
70 76
18 94
1 62
8 34
12 77
65 55
73 73
6 80
2 87
22 18
79 39
51 75
17 47
91 32
37 36
59 27
5 75
6 75
24 69
84 1
30 93
13 59
0 16
74 59
38 13
95 52
25 8
82 43
50 0
70 71
18 89
57 82
21 60
4 4
80 93
2 77
29 12
90 10
36 66
6 14
26 88
9 32
83 41
66 51
30 53
88 92
69 6
34 40
37 45
69 29
42 56
25 96
6 66
45 29
13 52
70 47
35 27
38 4
3 98
95 61
99 54
63 4
50 59
61 94
75 1
58 75
21 69
80 84
26 48
51 40
72 99
32 95
2 41
61 95
34 35
56 12
42 35
6 69
62 38
10 8
67 57
87 42
70 38
35 0
18 56
92 87
55 93
96 18
60 8
25 26
99 63
82 29
28 97
11 27
50 50
57 92
4 10
51 49
90 28
37 78
93 97
79 50
62 94
86 64
69 8
17 18
56 19
55 37
59 46
3 64
67 62
13 38
87 35
35 9
18 51
74 84
38 54
96 41
95 35
82 20
63 10
33 99
14 63
78 24
43 86
100 13
83 79
11 97
69 96
2 59
41 12
61 81
27 33
47 34
3 40
87 75
91 12
20 0
94 11
24 67
64 23
84 37
32 3
31 53
92 37
95 40
50 36
1 19
39 10
43 79
100 52
46 72
15 45
54 24
2 50
22 49
5 7
79 0
9 92
10 82
30 17
55 59
20 15
3 49
42 28
42 84
50 76
87 49
74 70
75 92
38 32
43 55
8 19
64 80
63 56
11 14
68 53
72 48
75 45
21 89
22 89
75 57
100 51
83 93
48 9
68 68
16 98
81 10
4 11
61 99
86 85
87 89
34 71
17 5
3 54
44 98
42 7
67 21
32 17
31 59
14 97
70 2
35 60
96 62
43 44
99 91
82 1
63 33
11 7
93 5
83 98
47 72
12 30
92 65
56 64
93 69
76 3
79 22
9 78
47 57
88 6
55 9
96 70
59 74
24 88
81 89
67 26
35 37
74 72
75 74
40 56
96 53
60 43
43 37
63 46
14 65
89 90
90 72
71 30
64 87
80 46
44 60
7 72
12 21
51 18
16 80
15 56
19 61
2 31
94 84
24 48
27 13
88 13
34 89
35 93
56 54
3 36
24 95
64 54
31 41
89 50
35 42
21 3
4 77
60 34
7 48
65 41
11 53
68 34
72 37
6 88
97 35
61 29
44 59
46 100
86 15
51 27
15 1
56 78
37 20
93 87
76 49
98 2
49 17
30 13
34 80
56 61
55 31
77 14
64 13
28 35
89 59
59 68
4 52
43 19
99 78
100 64
63 92
49 75
16 63
72 44
54 76
61 22
12 11
51 96
16 78
15 14
10 22
94 70
98 29
81 51
52 1
35 75
0 39
77 25
3 18
77 7
6 13
84 79
32 61
31 31
40 45
21 21
43 8
8 54
65 59
68 16
90 37
71 5
36 57
58 10
80 19
64 67
12 2
96 73
20 66
94 73
41 67
27 16
20 49
3 27
77 0
23 68
81 69
82 77
50 98
39 68
4 58
7 31
63 66
48 84
11 88
36 32
58 21
79 66
44 32
48 35
86 16
52 96
73 61
19 89
76 94
24 12
5 86
81 45
45 63
49 4
13 22
52 23
23 93
45 80
32 75
31 13
14 79
57 53
95 96
31 94
11 81
68 6
33 44
16 36
36 47
58 28
41 60
22 14
61 33
26 69
86 43
69 33
17 59
94 59
98 38
45 56
13 15
91 77
74 15
3 9
23 90
45 73
28 7
32 66
31 10
70 83
75 100
21 32
57 13
78 51
8 43
7 13
48 66
11 86
14 72
16 27
72 72
79 58
66 39
69 42
94 34
77 90
42 76
98 33
31 98
92 76
38 16
25 61
82 54
84 99
32 89
33 77
1 36
40 9
26 36
91 15
90 57
73 71
97 89
29 42
66 62
69 19
34 23
91 42
94 37
77 83
24 97
6 81
10 28
30 91
70 50
21 96
74 49
38 11
96 14
77 36
22 86
8 74
28 21
85 100
32 80
11 49
57 72
8 15
4 30
7 3
29 50
33 55
16 9
73 72
50 82
37 82
90 21
41 23
22 19
61 76
82 86
27 68
47 9
30 51
34 46
17 46
94 44
5 74
81 9
10 7
49 32
99 48
82 40
70 68
4 5
80 94
43 98
12 69
90 11
54 61
98 91
44 3
9 39
30 58
88 93
69 5
34 41
17 39
77 69
42 57
23 9
6 67
45 28
84 9
27 54
13 51
70 44
95 60
39 30
78 15
46 52
51 43
16 7
2 11
5 43
79 52
9 40
66 11
30 61
69 14
52 74
55 47
59 40
22 71
62 39
45 21
10 9
31 70
35 3
18 57
55 92
96 19
4 100
25 25
64 76
28 98
18 72
90 2
95 74
26 56
41 10
22 36
79 61
62 95
9 81
88 43
17 17
91 54
8 89
42 43
6 61
62 46
67 33
32 13
31 79
87 34
35 8
96 42
4 99
82 21
63 53
72 3
18 67
75 62
58 90
44 89
48 28
29 22
73 100
22 63
61 80
27 32
69 30
30 47
15 84
0 78
8 3
42 87
64 43
45 7
10 59
84 38
32 4
13 94
63 40
55 82
40 68
95 43
60 31
43 49
82 12
65 76
11 8
85 1
72 10
71 50
59 24
21 95
97 6
80 58
26 10
48 19
68 94
19 41
94 96
47 42
30 22
86 83
87 67
91 4
55 58
3 48
24 75
23 45
64 34
84 45
67 47
32 27
74 71
95 16
60 22
8 20
55 63
11 1
85 10
68 54
90 71
54 97
97 31
80 49
7 85
46 80
68 69
2 10
24 35
61 98
9 68
10 90
78 95
87 88
91 29
20 23
51 20
67 20
31 58
70 3
57 14
95 25
43 47
63 32
68 61
90 78
90 90
47 75
51 12
56 65
37 97
5 8
27 55
10 69
47 56
77 27
25 77
64 48
28 46
13 73
18 20
92 51
100 83
65 87
29 73
97 41
100 34
48 56
68 75
15 59
73 0
56 72
93 93
10 76
88 14
59 66
23 56
82 97
67 2
31 40
75 66
38 74
39 88
8 9
100 60
85 37
54 74
93 37
48 10
22 99
48 63
86 12
19 69
76 50
34 81
60 75
25 95
6 11
67 11
3 80
92 1
38 77
21 11
4 53
60 58
43 18
100 65
65 33
53 85
32 70
93 62
80 29
48 54
12 4
16 79
76 41
81 50
88 28
89 3
27 97
55 23
59 80
25 32
82 83
84 72
85 70
65 47
53 45
74 98
100 72
63 68
11 34
33 17
53 94
54 68
93 55
41 49
86 30
69 62
17 72
73 59
19 83
62 23
11 74
66 74
36 53
64 28
28 50
85 79
57 51
40 21
39 71
97 33
8 62
63 77
46 15
29 45
85 48
68 24
72 91
73 83
80 11
44 33
9 1
83 6
86 17
69 39
19 88
8 81
10 96
49 59
20 57
3 3
25 50
99 23
45 79
84 94
85 72
32 76
14 76
70 89
57 52
95 99
78 41
65 52
14 25
54 86
1 90
93 9
41 35
97 78
80 2
83 15
66 45
12 49
41 76
5 94
6 100
13 14
55 98
38 30
25 59
99 28
82 60
50 21
33 75
53 56
1 34
21 47
0 77
48 67
11 73
90 63
36 87
97 71
9 51
66 36
69 41
73 46
61 91
76 77
98 62
6 95
42 21
13 7
87 0
70 56
77 42
25 60
50 6
45 65
32 90
33 76
89 31
71 91
21 40
80 97
29 56
23 48
1 84
97 88
98 70
79 88
88 80
34 20
37 57
94 42
77 82
24 98
10 29
84 4
87 25
70 51
74 95
92 68
25 5
63 16
33 69
14 33
1 60
75 21
95 94
36 58
65 31
11 71
16 10
19 7
93 20
41 22
27 71
83 34
38 66
47 8
17 45
37 34
98 48
81 8
30 67
87 22
38 3
25 14
99 51
82 41
33 94
14 40
18 87
1 53
57 80
26 55
65 16
12 70
95 67
90 8
37 90
2 44
27 92
83 43
66 49
49 57
86 52
34 38
21 80
56 7
23 8
81 1
30 74
31 88
87 47
40 80
99 56
63 6
90 96
75 3
39 25
80 86
26 62
100 25
29 3
68 98
54 53
58 56
41 0
5 42
79 55
27 85
47 30
86 79
15 65
84 17
30 77
31 65
35 2
55 95
60 10
99 33
64 77
11 29
14 58
1 7
21 76
43 83
44 99
90 26
73 98
37 76
79 60
52 82
91 9
23 30
6 50
45 13
10 49
32 14
13 36
18 49
92 40
95 45
43 59
99 38
65 74
94 41
72 4
71 52
75 49
78 73
78 30
100 15
11 99
15 38
2 57
4 9
9 89
83 62
47 44
88 51
87 69
17 9
91 14
59 57
42 19
6 53
45 6
32 5
13 93
87 58
3 91
24 31
85 0
36 42
89 69
71 45
39 4
22 68
26 11
100 54
7 75
19 40
46 98
62 78
9 66
47 53
15 92
79 84
55 53
96 74
6 44
64 35
13 86
35 57
74 68
57 4
38 38
96 57
4 82
82 4
28 72
72 50
7 84
83 95
47 77
12 97
15 52
93 74
64 81
10 91
40 47
47 50
30 30
34 69
56 42
3 56
23 37
6 39
64 58
32 19
92 53
59 8
95 24
60 46
24 22
14 22
72 57
71 35
75 36
39 58
97 23
26 29
78 1
68 77
15 61
2 2
94 83
98 14
9 76
10 66
86 98
35 86
91 21
56 49
20 31
59 76
42 12
23 34
6 30
84 60
32 42
13 72
12 74
18 21
96 55
95 1
60 37
99 66
100 92
65 86
29 72
89 88
97 40
26 100
100 35
88 96
69 66
56 73
24 50
79 25
62 99
27 15
88 15
52 61
56 56
20 38
3 38
13 66
6 17
67 5
13 65
89 48
3 81
92 11
57 31
40 33
4 79
60 60
77 31
7 50
63 81
11 55
53 75
54 75
39 40
22 96
61 27
48 48
16 73
19 68
2 20
94 93
81 56
49 23
56 63
20 45
77 12
60 68
25 94
82 89
67 10
92 2
40 40
60 59
63 94
68 43
33 31
16 49
53 84
78 68
48 55
86 4
51 98
17 86
37 27
20 69
94 68
42 86
80 30
88 29
96 79
52 3
35 77
74 16
24 81
28 52
14 67
92 25
57 41
38 69
4 61
43 10
8 56
48 95
11 37
33 16
90 35
71 7
54 69
93 54
79 71
91 84
16 71
73 58
56 94
42 81
81 42
27 18
90 68
34 96
92 97
77 62
84 80
2 1
3 1
4 1
5 3
6 2
7 1
8 4
9 7
10 5
11 5
12 4
13 1
14 5
15 9
16 13
17 14
18 13
19 3
20 10
21 11
22 17
23 7
24 11
25 7
26 5
27 23
28 10
29 18
30 13
31 7
32 8
33 15
34 22
35 2
36 16
37 21
38 9
39 12
40 29
41 32
42 23
43 4
44 37
45 16
46 10
47 36
48 33
49 16
50 4
51 48
52 5
53 32
54 23
55 51
56 9
57 28
58 50
59 15
60 32
61 48
62 17
63 25
64 13
65 34
66 45
67 46
68 6
69 28
70 2
71 24
72 62
73 66
74 27
75 28
76 6
77 55
78 45
79 28
80 2
81 75
82 34
83 3
84 66
85 53
86 5
87 57
88 9
89 73
90 27
91 87
92 26
93 74
94 67
95 51
96 76
97 55
98 65
99 86
100 92
101 66
102 17
103 100
104 85
105 15
106 11
107 41
108 93
109 29
110 78
111 2
112 52
113 91
114 75
115 85
116 98
117 34
118 95
119 102
120 15
121 51
122 77
123 72
124 32
125 60
126 73
127 118
128 100
129 12
130 88
131 36
132 97
133 62
134 95
135 65
136 118
137 114
138 54
139 29
140 101
141 74
142 17
143 79
144 1
145 109
146 87
147 28
148 48
149 42
150 61
151 73
152 90
153 101
154 67
155 21
156 95
157 42
158 9
159 94
160 30
161 149
162 15
163 144
164 56
165 30
166 92
167 50
168 167
169 53
170 163
171 81
172 167
173 154
174 142
175 61
176 82
177 159
178 110
179 141
180 169
181 102
182 178
183 32
184 20
185 101
186 52
187 75
188 67
189 17
190 184
191 52
192 2
193 58
194 104
195 81
196 142
197 192
198 107
199 111
200 100
201 40
202 9
203 35
204 122
205 69
206 45
207 68
208 166
209 171
210 172
211 153
212 127
213 199
214 115
215 71
216 20
217 116
218 80
219 145
220 90
221 61
222 186
223 69
224 5
225 29
226 60
227 73
228 210
229 189
230 33
231 161
232 14
233 96
234 6
235 218
236 7
237 74
238 149
239 182
240 119
241 235
242 196
243 217
244 98
245 65
246 168
247 218
248 187
249 69
250 86
251 181
252 8
253 18
254 217
255 19
256 220
257 181
258 60
259 1
260 171
261 191
262 109
263 9
264 31
265 222
266 141
267 75
268 131
269 102
270 174
271 137
272 139
273 168
274 211
275 71
276 15
277 112
278 141
279 171
280 218
281 105
282 131
283 222
284 157
285 247
286 67
287 134
288 140
289 53
290 71
291 210
292 245
293 170
294 61
295 66
296 176
297 124
298 236
299 252
300 230
301 153
302 1
303 36
304 179
305 207
306 66
307 113
308 119
309 77
310 130
311 146
312 161
313 134
314 48
315 77
316 143
317 180
318 39
319 133
320 316
321 276
322 46
323 170
324 273
325 142
326 20
327 41
328 45
329 225
330 75
331 106
332 73
333 109
334 31
335 105
336 287
337 66
338 123
339 241
340 311
341 312
342 213
343 261
344 343
345 171
346 143
347 268
348 91
349 2
350 165
351 32
352 191
353 146
354 328
355 332
356 340
357 160
358 231
359 258
360 218
361 225
362 177
363 154
364 250
365 277
366 90
367 217
368 294
369 160
370 319
371 71
372 117
373 50
374 64
375 197
376 264
377 92
378 170
379 298
380 357
381 191
382 294
383 96
384 214
385 316
386 122
387 123
388 248
389 322
390 86
391 166
392 238
393 307
394 26
395 249
396 86
397 150
398 193
399 165
400 29
401 89
402 186
403 319
404 274
405 393
406 298
407 96
408 224
409 143
410 363
411 158
412 120
413 36
414 183
415 174
416 168
417 170
418 380
419 291
420 403
421 314
422 192
423 3
424 293
425 387
426 223
427 225
428 55
429 55
430 173
431 20
432 22
433 331
434 354
435 95
436 52
437 261
438 399
439 40
440 333
441 286
442 415
443 271
444 212
445 84
446 123
447 287
448 48
449 145
450 443
451 260
452 356
453 433
454 153
455 95
456 253
457 263
458 453
459 156
460 119
461 316
462 12
463 359
464 364
465 169
466 460
467 34
468 18
469 9
470 92
471 141
472 424
473 23
474 375
475 42
476 68
477 229
478 15
479 396
480 36
481 401
482 142
483 199
484 462
485 334
486 353
487 335
488 348
489 205
490 187
491 207
492 361
493 240
494 52
495 290
496 474
497 401
498 478
499 434
500 497
501 149
502 239
503 386
504 49
505 333
506 238
507 34
508 99
509 246
510 61
511 152
512 250
513 499
514 24
515 139
516 252
517 353
518 135
519 33
520 78
521 47
522 318
523 501
524 469
525 406
526 72
527 85
528 309
529 39
530 29
531 359
532 138
533 179
534 161
535 450
536 321
537 342
538 331
539 54
540 397
541 18
542 377
543 191
544 511
545 346
546 89
547 477
548 128
549 382
550 245
551 16
552 172
553 6
554 141
555 388
556 116
557 195
558 455
559 189
560 86
561 453
562 297
563 491
564 540
565 231
566 457
567 193
568 221
569 93
570 412
571 535
572 459
573 199
574 543
575 263
576 291
577 148
578 372
579 435
580 228
581 354
582 334
583 56
584 346
585 343
586 176
587 347
588 216
589 579
590 458
591 396
592 290
593 403
594 470
595 347
596 183
597 533
598 405
599 252
600 419
601 236
602 587
603 544
604 515
605 250
606 137
607 262
608 351
609 130
610 114
611 145
612 501
613 483
614 426
615 95
616 115
617 528
618 153
619 143
620 47
621 58
622 262
623 538
624 57
625 456
626 257
627 109
628 446
629 102
630 142
631 327
632 249
633 330
634 357
635 123
636 629
637 413
638 319
639 36
640 36
641 412
642 433
643 439
644 195
645 222
646 328
647 432
648 627
649 123
650 245
651 531
652 74
653 11
654 606
655 210
656 431
657 339
658 191
659 334
660 623
661 451
662 425
663 200
664 301
665 41
666 539
667 648
668 64
669 588
670 175
671 2
672 515
673 154
674 335
675 445
676 35
677 613
678 609
679 318
680 108
681 481
682 3
683 554
684 228
685 229
686 26
687 290
688 522
689 314
690 342
691 281
692 214
693 346
694 381
695 374
696 339
697 396
698 11
699 23
700 305
701 51
702 440
703 427
704 477
705 651
706 326
707 212
708 212
709 122
710 689
711 225
712 573
713 559
714 86
715 709
716 356
717 501
718 184
719 208
720 379
721 395
722 498
723 704
724 688
725 419
726 145
727 535
728 321
729 440
730 518
731 545
732 144
733 294
734 421
735 422
736 394
737 157
738 184
739 372
740 622
741 419
742 579
743 289
744 10
745 360
746 537
747 75
748 588
749 637
750 223
751 543
752 358
753 71
754 21
755 640
756 587
757 305
758 732
759 286
760 288
761 205
762 605
763 558
764 730
765 710
766 102
767 38
768 307
769 254
770 282
771 656
772 302
773 268
774 212
775 521
776 101
777 73
778 697
779 599
780 142
781 671
782 593
783 626
784 464
785 764
786 352
787 614
788 182
789 340
790 210
791 97
792 289
793 601
794 670
795 413
796 55
797 243
798 69
799 141
800 363
801 458
802 328
803 553
804 202
805 415
806 723
807 640
808 617
809 43
810 161
811 4
812 80
813 172
814 119
815 528
816 155
817 810
818 243
819 597
820 611
821 662
822 576
823 746
824 499
825 148
826 302
827 597
828 452
829 196
830 716
831 111
832 432
833 509
834 208
835 506
836 169
837 207
838 70
839 198
840 73
841 626
842 66
843 200
844 321
845 173
846 534
847 697
848 710
849 695
850 837
851 24
852 209
853 337
854 767
855 716
856 513
857 434
858 427
859 33
860 459
861 646
862 545
863 859
864 154
865 270
866 39
867 155
868 747
869 439
870 783
871 682
872 287
873 574
874 89
875 484
876 166
877 625
878 554
879 718
880 635
881 858
882 41
883 441
884 396
885 669
886 674
887 716
888 779
889 50
890 834
891 828
892 84
893 55
894 871
895 199
896 787
897 657
898 691
899 248
900 383
901 581
902 138
903 218
904 696
905 856
906 176
907 544
908 783
909 538
910 83
911 638
912 450
913 144
914 864
915 884
916 406
917 516
918 407
919 868
920 670
921 562
922 834
923 461
924 199
925 647
926 713
927 476
928 661
929 358
930 710
931 731
932 140
933 608
934 659
935 301
936 400
937 869
938 119
939 87
940 279
941 913
942 492
943 386
944 697
945 688
946 841
947 842
948 196
949 424
950 905
951 782
952 102
953 150
954 934
955 480
956 359
957 124
958 819
959 218
960 570
961 668
962 198
963 868
964 591
965 50
966 508
967 482
968 265
969 913
970 553
971 478
972 298
973 666
974 269
975 832
976 972
977 763
978 801
979 863
980 690
981 298
982 347
983 959
984 253
985 374
986 982
987 659
988 531
989 698
990 80
991 279
992 241
993 400
994 101
995 968
996 967
997 446
998 353
999 568
1000 163
1001 460
1002 469
1003 509
1004 336
1005 347
1006 807
1007 231
1008 215
1009 833
1010 954
1011 270
1012 738
1013 317
1014 439
1015 883
1016 682
1017 545
1018 804
1019 646
1020 17
1021 625
1022 914
1023 883
1024 731
1025 233
1026 846
1027 240
1028 184
1029 711
1030 518
1031 493
1032 486
1033 199
1034 702
1035 438
1036 497
1037 990
1038 49
1039 757
1040 683
1041 196
1042 882
1043 871
1044 239
1045 741
1046 359
1047 59
1048 922
1049 24
1050 471
1051 575
1052 570
1053 355
1054 414
1055 281
1056 595
1057 5
1058 225
1059 1012
1060 138
1061 358
1062 402
1063 944
1064 630
1065 731
1066 210
1067 876
1068 805
1069 617
1070 1067
1071 760
1072 450
1073 114
1074 646
1075 704
1076 1012
1077 891
1078 686
1079 1063
1080 239
1081 719
1082 877
1083 421
1084 965
1085 429
1086 671
1087 120
1088 999
1089 86
1090 859
1091 903
1092 1005
1093 288
1094 359
1095 864
1096 515
1097 445
1098 1049
1099 349
1100 501
1101 966
1102 967
1103 646
1104 373
1105 119
1106 295
1107 649
1108 843
1109 905
1110 965
1111 70
1112 73
1113 243
1114 412
1115 823
1116 602
1117 929
1118 418
1119 681
1120 578
1121 761
1122 226
1123 130
1124 82
1125 1026
1126 417
1127 753
1128 401
1129 196
1130 433
1131 796
1132 1014
1133 643
1134 16
1135 554
1136 772
1137 313
1138 48
1139 1002
1140 1034
1141 833
1142 459
1143 855
1144 260
1145 687
1146 884
1147 1004
1148 511
1149 423
1150 10
1151 316
1152 691
1153 193
1154 1057
1155 587
1156 973
1157 1035
1158 542
1159 682
1160 1023
1161 10
1162 359
1163 574
1164 929
1165 997
1166 619
1167 79
1168 592
1169 414
1170 957
1171 1107
1172 403
1173 168
1174 979
1175 1164
1176 1127
1177 53
1178 916
1179 293
1180 795
1181 338
1182 465
1183 898
1184 324
1185 430
1186 695
1187 296
1188 532
1189 479
1190 410
1191 1111
1192 32
1193 92
1194 863
1195 186
1196 632
1197 297
1198 648
1199 150
1200 1182
1201 86
1202 806
1203 770
1204 659
1205 331
1206 863
1207 144
1208 811
1209 975
1210 618
1211 828
1212 896
1213 42
1214 423
1215 100
1216 663
1217 484
1218 535
1219 75
1220 828
1221 773
1222 990
1223 193
1224 360
1225 672
1226 1169
1227 119
1228 1102
1229 262
1230 324
1231 668
1232 807
1233 1199
1234 266
1235 15
1236 482
1237 711
1238 552
1239 759
1240 993
1241 239
1242 772
1243 267
1244 755
1245 1050
1246 935
1247 455
1248 789
1249 65
1250 347
1251 1075
1252 68
1253 912
1254 732
1255 368
1256 672
1257 1205
1258 174
1259 948
1260 1085
1261 787
1262 605
1263 332
1264 986
1265 234
1266 488
1267 306
1268 200
1269 751
1270 62
1271 1213
1272 413
1273 36
1274 1141
1275 1272
1276 1157
1277 1128
1278 279
1279 646
1280 606
1281 1116
1282 208
1283 328
1284 977
1285 300
1286 1176
1287 928
1288 1128
1289 542
1290 611
1291 476
1292 989
1293 473
1294 872
1295 550
1296 406
1297 345
1298 642
1299 160
1300 286
1301 13
1302 651
1303 430
1304 552
1305 735
1306 859
1307 809
1308 865
1309 501
1310 226
1311 231
1312 771
1313 937
1314 1120
1315 962
1316 608
1317 968
1318 132
1319 595
1320 830
1321 970
1322 1172
1323 144
1324 1223
1325 1312
1326 318
1327 1134
1328 1245
1329 965
1330 281
1331 683
1332 493
1333 199
1334 1284
1335 669
1336 1130
1337 917
1338 269
1339 976
1340 201
1341 1120
1342 495
1343 690
1344 1158
1345 799
1346 1284
1347 395
1348 895
1349 748
1350 701
1351 1051
1352 276
1353 774
1354 360
1355 896
1356 446
1357 992
1358 1306
1359 565
1360 904
1361 726
1362 60
1363 245
1364 9
1365 18
1366 812
1367 1150
1368 1005
1369 623
1370 861
1371 1097
1372 532
1373 244
1374 1110
1375 171
1376 309
1377 1278
1378 617
1379 688
1380 450
1381 1122
1382 934
1383 434
1384 425
1385 1146
1386 1232
1387 796
1388 1240
1389 120
1390 78
1391 902
1392 1130
1393 242
1394 1224
1395 1364
1396 131
1397 1199
1398 330
1399 586
1400 104
1401 715
1402 744
1403 99
1404 973
1405 839
1406 623
1407 58
1408 691
1409 367
1410 746
1411 552
1412 135
1413 221
1414 607
1415 1318
1416 1077
1417 73
1418 1063
1419 149
1420 459
1421 1197
1422 1405
1423 1399
1424 370
1425 21
1426 976
1427 1283
1428 104
1429 682
1430 635
1431 1287
1432 551
1433 481
1434 1173
1435 670
1436 350
1437 1123
1438 1004
1439 711
1440 628
1441 1278
1442 1210
1443 282
1444 277
1445 322
1446 818
1447 515
1448 140
1449 1148
1450 796
1451 1420
1452 1059
1453 417
1454 958
1455 991
1456 1256
1457 1209
1458 1233
1459 14
1460 341
1461 880
1462 713
1463 414
1464 396
1465 173
1466 1028
1467 182
1468 209
1469 339
1470 1277
1471 1384
1472 308
1473 266
1474 390
1475 765
1476 1314
1477 688
1478 85
1479 1460
1480 356
1481 160
1482 919
1483 174
1484 575
1485 943
1486 1293
1487 379
1488 747
1489 132
1490 426
1491 1084
1492 329
1493 719
1494 825
1495 464
1496 888
1497 917
1498 307
1499 418
1500 978
1501 1141
1502 811
1503 263
1504 600
1505 803
1506 1054
1507 874
1508 470
1509 473
1510 756
1511 375
1512 1015
1513 771
1514 899
1515 1286
1516 1469
1517 1294
1518 1260
1519 954
1520 627
1521 479
1522 384
1523 1287
1524 948
1525 238
1526 678
1527 218
1528 708
1529 809
1530 733
1531 359
1532 994
1533 1259
1534 439
1535 1175
1536 641
1537 880
1538 854
1539 978
1540 900
1541 426
1542 1421
1543 456
1544 1349
1545 1533
1546 1180
1547 66
1548 190
1549 1038
1550 231
1551 1282
1552 53
1553 96
1554 559
1555 384
1556 1543
1557 1485
1558 512
1559 951
1560 255
1561 1065
1562 265
1563 1104
1564 781
1565 1502
1566 1522
1567 594
1568 1329
1569 103
1570 634
1571 609
1572 1316
1573 645
1574 287
1575 919
1576 208
1577 813
1578 224
1579 1486
1580 955
1581 722
1582 124
1583 229
1584 484
1585 149
1586 1041
1587 1474
1588 117
1589 1572
1590 194
1591 1526
1592 1532
1593 645
1594 682
1595 950
1596 410
1597 1307
1598 1373
1599 1330
1600 206
1601 511
1602 906
1603 603
1604 1254
1605 194
1606 355
1607 997
1608 469
1609 1097
1610 10
1611 674
1612 748
1613 241
1614 1601
1615 954
1616 1378
1617 1475
1618 1558
1619 1523
1620 559
1621 84
1622 1425
1623 1365
1624 490
1625 1263
1626 247
1627 562
1628 608
1629 495
1630 808
1631 94
1632 440
1633 342
1634 1028
1635 653
1636 1484
1637 1296
1638 489
1639 321
1640 1556
1641 1603
1642 223
1643 994
1644 194
1645 688
1646 611
1647 1296
1648 827
1649 1225
1650 1038
1651 47
1652 82
1653 66
1654 593
1655 966
1656 1226
1657 1084
1658 83
1659 126
1660 562
1661 577
1662 137
1663 679
1664 1513
1665 1333
1666 365
1667 163
1668 652
1669 235
1670 1062
1671 630
1672 1254
1673 1592
1674 686
1675 701
1676 1259
1677 1149
1678 821
1679 179
1680 765
1681 463
1682 537
1683 1657
1684 1113
1685 873
1686 1554
1687 671
1688 373
1689 301
1690 894
1691 1168
1692 289
1693 1278
1694 1125
1695 1611
1696 1618
1697 404
1698 794
1699 489
1700 998
1701 985
1702 106
1703 631
1704 1575
1705 1271
1706 30
1707 882
1708 552
1709 1237
1710 1044
1711 1126
1712 1661
1713 564
1714 1464
1715 1467
1716 432
1717 1270
1718 1658
1719 1194
1720 1184
1721 1175
1722 413
1723 687
1724 545
1725 919
1726 1653
1727 1638
1728 1483
1729 517
1730 858
1731 1093
1732 261
1733 1402
1734 1224
1735 1311
1736 250
1737 1608
1738 1582
1739 1317
1740 1629
1741 1423
1742 674
1743 232
1744 1674
1745 444
1746 1448
1747 1461
1748 675
1749 1311
1750 10
1751 1600
1752 1450
1753 1150
1754 353
1755 1229
1756 1550
1757 801
1758 1638
1759 835
1760 937
1761 109
1762 580
1763 1027
1764 357
1765 632
1766 899
1767 323
1768 1411
1769 1290
1770 414
1771 315
1772 96
1773 1756
1774 1436
1775 731
1776 647
1777 957
1778 1269
1779 815
1780 850
1781 411
1782 927
1783 1518
1784 1738
1785 1158
1786 1113
1787 313
1788 1597
1789 126
1790 370
1791 312
1792 1289
1793 1297
1794 1784
1795 249
1796 132
1797 467
1798 867
1799 1370
1800 1314
1801 1239
1802 778
1803 470
1804 1179
1805 552
1806 1701
1807 21
1808 188
1809 402
1810 263
1811 670
1812 942
1813 1585
1814 827
1815 491
1816 297
1817 1811
1818 1288
1819 996
1820 639
1821 123
1822 86
1823 757
1824 1332
1825 183
1826 24
1827 222
1828 1430
1829 944
1830 1504
1831 259
1832 952
1833 1256
1834 1608
1835 17
1836 1805
1837 1249
1838 1280
1839 1672
1840 1436
1841 1731
1842 633
1843 928
1844 420
1845 279
1846 992
1847 190
1848 955
1849 722
1850 909
1851 269
1852 1531
1853 1215
1854 1704
1855 1779
1856 1371
1857 1372
1858 1733
1859 967
1860 895
1861 348
1862 709
1863 1286
1864 844
1865 433
1866 1239
1867 1797
1868 1536
1869 1448
1870 612
1871 665
1872 321
1873 1868
1874 648
1875 1261
1876 1752
1877 1425
1878 1405
1879 960
1880 611
1881 204
1882 1226
1883 120
1884 1878
1885 391
1886 749
1887 417
1888 917
1889 1813
1890 1571
1891 484
1892 1382
1893 345
1894 515
1895 158
1896 470
1897 927
1898 146
1899 868
1900 912
1901 44
1902 1101
1903 1140
1904 131
1905 71
1906 735
1907 1051
1908 1313
1909 814
1910 1005
1911 687
1912 277
1913 991
1914 26
1915 771
1916 1273
1917 1806
1918 1241
1919 267
1920 1573
1921 1162
1922 1154
1923 139
1924 1207
1925 13
1926 1442
1927 610
1928 999
1929 355
1930 808
1931 282
1932 1671
1933 812
1934 415
1935 580
1936 1128
1937 1202
1938 1395
1939 1506
1940 1185
1941 1178
1942 803
1943 1775
1944 866
1945 1160
1946 1668
1947 1785
1948 519
1949 1079
1950 183
1951 273
1952 1831
1953 54
1954 206
1955 1303
1956 1886
1957 1888
1958 568
1959 144
1960 601
1961 686
1962 1910
1963 1619
1964 386
1965 1087
1966 1866
1967 159
1968 89
1969 1447
1970 397
1971 1065
1972 1843
1973 1928
1974 772
1975 494
1976 482
1977 1623
1978 363
1979 560
1980 1677
1981 18
1982 103
1983 1749
1984 858
1985 1216
1986 1861
1987 1940
1988 1469
1989 1214
1990 1544
1991 978
1992 984
1993 671
1994 1861
1995 602
1996 1491
1997 733
1998 1462
1999 230
2000 1722
2001 881
2002 1405
2003 1669
2004 1708
2005 1085
2006 228
2007 996
2008 211
2009 1557
2010 562
2011 1971
2012 1238
2013 1791
2014 1320
2015 1424
2016 528
2017 1721
2018 725
2019 466
2020 1756
2021 634
2022 1299
2023 772
2024 286
2025 1074
2026 1847
2027 1214
2028 742
2029 689
2030 1766
2031 416
2032 864
2033 820
2034 16
2035 1534
2036 776
2037 304
2038 1456
2039 1476
2040 679
2041 831
2042 1519
2043 96
2044 1563
2045 1333
2046 2042
2047 1079
2048 343
2049 699
2050 1037
2051 875
2052 1059
2053 2025
2054 1071
2055 806
2056 2022
2057 205
2058 373
2059 84
2060 1284
2061 1131
2062 224
2063 1634
2064 411
2065 241
2066 678
2067 1667
2068 1013
2069 368
2070 1382
2071 693
2072 803
2073 779
2074 275
2075 1442
2076 1899
2077 1197
2078 748
2079 379
2080 1508
2081 1000
2082 1945
2083 1226
2084 1804
2085 459
2086 1
2087 1580
2088 399
2089 1765
2090 1386
2091 152
2092 1807
2093 153
2094 1126
2095 295
2096 494
2097 822
2098 567
2099 1554
2100 1782
2101 1802
2102 2016
2103 508
2104 194
2105 436
2106 1135
2107 1655
2108 19
2109 291
2110 1566
2111 1222
2112 702
2113 1470
2114 978
2115 1535
2116 1975
2117 291
2118 603
2119 221
2120 1011
2121 1128
2122 2114
2123 1580
2124 1941
2125 229
2126 282
2127 1304
2128 68
2129 356
2130 1044
2131 660
2132 982
2133 679
2134 1878
2135 105
2136 1771
2137 1609
2138 2050
2139 741
2140 1822
2141 1539
2142 768
2143 1679
2144 715
2145 2054
2146 1172
2147 367
2148 1523
2149 990
2150 518
2151 1645
2152 1559
2153 1939
2154 1197
2155 1003
2156 802
2157 995
2158 1973
2159 475
2160 85
2161 1342
2162 719
2163 588
2164 1931
2165 926
2166 1448
2167 1131
2168 706
2169 504
2170 1169
2171 1599
2172 879
2173 66
2174 1378
2175 511
2176 1302
2177 1354
2178 158
2179 2041
2180 557
2181 1355
2182 1145
2183 1924
2184 473
2185 2160
2186 1356
2187 1342
2188 1201
2189 902
2190 1277
2191 711
2192 193
2193 874
2194 1093
2195 711
2196 2004
2197 704
2198 1345
2199 1069
2200 1510
2201 395
2202 1100
2203 337
2204 819
2205 1837
2206 1348
2207 2101
2208 1989
2209 323
2210 734
2211 663
2212 1926
2213 1246
2214 556
2215 2007
2216 1325
2217 731
2218 144
2219 448
2220 675
2221 2182
2222 1746
2223 115
2224 1465
2225 292
2226 959
2227 690
2228 736
2229 973
2230 1045
2231 1086
2232 989
2233 1804
2234 1780
2235 1693
2236 1723
2237 1441
2238 968
2239 1479
2240 350
2241 1371
2242 183
2243 2169
2244 1517
2245 2185
2246 561
2247 1116
2248 1715
2249 205
2250 1275
2251 1565
2252 312
2253 2098
2254 206
2255 1797
2256 2249
2257 707
2258 935
2259 685
2260 178
2261 1471
2262 1574
2263 104
2264 572
2265 840
2266 17
2267 1343
2268 1962
2269 588
2270 1949
2271 1505
2272 419
2273 1656
2274 1674
2275 2065
2276 1700
2277 672
2278 1668
2279 2121
2280 1550
2281 706
2282 263
2283 114
2284 401
2285 1779
2286 169
2287 975
2288 931
2289 157
2290 101
2291 2232
2292 1769
2293 146
2294 2094
2295 1829
2296 1229
2297 811
2298 207
2299 1365
2300 1169
2301 1765
2302 1782
2303 648
2304 1006
2305 323
2306 999
2307 356
2308 2230
2309 1801
2310 2209
2311 165
2312 2052
2313 1337
2314 1982
2315 2003
2316 1960
2317 141
2318 1949
2319 1182
2320 123
2321 2032
2322 2024
2323 2158
2324 1164
2325 1559
2326 2028
2327 1386
2328 1287
2329 1047
2330 1486
2331 58
2332 1300
2333 220
2334 1192
2335 1137
2336 1684
2337 1767
2338 591
2339 51
2340 149
2341 589
2342 1304
2343 186
2344 1222
2345 1967
2346 972
2347 1635
2348 381
2349 1290
2350 190
2351 1690
2352 2054
2353 1760
2354 366
2355 168
2356 187
2357 1697
2358 1265
2359 473
2360 1266
2361 728
2362 2316
2363 846
2364 2153
2365 2179
2366 529
2367 1160
2368 871
2369 1108
2370 946
2371 566
2372 1901
2373 1909
2374 1328
2375 1127
2376 942
2377 1955
2378 1109
2379 2197
2380 529
2381 813
2382 2376
2383 2359
2384 902
2385 2178
2386 1301
2387 2077
2388 1281
2389 1373
2390 1367
2391 664
2392 1639
2393 2041
2394 100
2395 16
2396 1206
2397 1147
2398 829
2399 1367
2400 815
2401 876
2402 127
2403 331
2404 1391
2405 1309
2406 41
2407 621
2408 2241
2409 1430
2410 2067
2411 1742
2412 2026
2413 2182
2414 203
2415 500
2416 1837
2417 2035
2418 2259
2419 409
2420 1498
2421 53
2422 2033
2423 2018
2424 1889
2425 1732
2426 1376
2427 162
2428 235
2429 2136
2430 2408
2431 2118
2432 1730
2433 328
2434 1161
2435 55
2436 370
2437 1736
2438 1471
2439 1326
2440 1146
2441 1773
2442 1190
2443 1575
2444 1702
2445 1357
2446 1204
2447 1604
2448 2424
2449 1091
2450 1272
2451 2119
2452 90
2453 1620
2454 415
2455 566
2456 1318
2457 590
2458 861
2459 2301
2460 1041
2461 2293
2462 1489
2463 2174
2464 2156
2465 1269
2466 1226
2467 753
2468 793
2469 2466
2470 108
2471 222
2472 2172
2473 1656
2474 250
2475 2093
2476 2337
2477 2071
2478 2269
2479 107
2480 1147
2481 422
2482 2259
2483 786
2484 2471
2485 1164
2486 2264
2487 1877
2488 2052
2489 8
2490 2285
2491 2370
2492 1628
2493 2382
2494 2173
2495 1419
2496 2449
2497 1659
2498 1565
2499 1303
2500 1129
2501 1844
2502 1308
2503 279
2504 1333
2505 1077
2506 751
2507 1427
2508 866
2509 407
2510 1086
2511 2021
2512 89
2513 2228
2514 573
2515 1430
2516 195
2517 1909
2518 878
2519 2139
2520 312
2521 1439
2522 2405
2523 2
2524 2178
2525 262
2526 419
2527 374
2528 1595
2529 1449
2530 2523
2531 1168
2532 2286
2533 2315
2534 255
2535 1571
2536 2501
2537 1446
2538 2075
2539 1226
2540 1339
2541 1247
2542 97
2543 2105
2544 435
2545 2222
2546 1338
2547 2109
2548 1832
2549 1482
2550 1651
2551 417
2552 133
2553 2178
2554 15
2555 1392
2556 571
2557 485
2558 1006
2559 869
2560 126
2561 1801
2562 1285
2563 453
2564 813
2565 1201
2566 1074
2567 1580
2568 1390
2569 1836
2570 1917
2571 1992
2572 1472
2573 1097
2574 556
2575 259
2576 975
2577 715
2578 42
2579 1539
2580 1086
2581 1492
2582 1340
2583 1510
2584 435
2585 726
2586 1766
2587 666
2588 446
2589 1321
2590 2124
2591 1679
2592 1824
2593 1085
2594 2138
2595 2523
2596 504
2597 1049
2598 594
2599 430
2600 2202
2601 154
2602 1858
2603 721
2604 2204
2605 1697
2606 2115
2607 356
2608 1233
2609 1303
2610 1274
2611 975
2612 2604
2613 1805
2614 1727
2615 1491
2616 1202
2617 1056
2618 810
2619 2452
2620 1011
2621 1432
2622 1831
2623 206
2624 1589
2625 231
2626 886
2627 2363
2628 1305
2629 219
2630 2264
2631 1644
2632 166
2633 546
2634 1936
2635 2331
2636 2029
2637 1180
2638 1508
2639 1216
2640 1415
2641 283
2642 2290
2643 1052
2644 2526
2645 490
2646 726
2647 2627
2648 998
2649 208
2650 1626
2651 17
2652 1514
2653 1266
2654 814
2655 685
2656 2157
2657 1987
2658 646
2659 2371
2660 2083
2661 551
2662 404
2663 764
2664 1675
2665 1709
2666 1775
2667 2508
2668 1825
2669 2396
2670 1678
2671 1269
2672 1573
2673 1010
2674 1870
2675 813
2676 1339
2677 1305
2678 2434
2679 2377
2680 2662
2681 2200
2682 651
2683 1568
2684 2430
2685 1684
2686 260
2687 1277
2688 771
2689 2082
2690 2174
2691 1611
2692 2637
2693 1043
2694 286
2695 1625
2696 2220
2697 2346
2698 55
2699 1192
2700 418
2701 1949
2702 628
2703 2354
2704 2165
2705 1308
2706 2605
2707 979
2708 1932
2709 233
2710 1989
2711 401
2712 101
2713 181
2714 842
2715 1560
2716 1770
2717 1544
2718 178
2719 666
2720 168
2721 532
2722 2421
2723 359
2724 2416
2725 1995
2726 349
2727 1997
2728 812
2729 73
2730 2383
2731 1707
2732 2019
2733 2355
2734 1555
2735 367
2736 1652
2737 2625
2738 1852
2739 2291
2740 1346
2741 683
2742 1370
2743 2537
2744 331
2745 503
2746 1719
2747 682
2748 821
2749 901
2750 207
2751 1489
2752 164
2753 1799
2754 2544
2755 1088
2756 1927
2757 1466
2758 1938
2759 2021
2760 1296
2761 871
2762 355
2763 688
2764 568
2765 1338
2766 2312
2767 1376
2768 1009
2769 1718
2770 892
2771 257
2772 385
2773 2163
2774 2494
2775 358
2776 483
2777 2290
2778 1583
2779 1139
2780 2310
2781 23
2782 673
2783 2041
2784 971
2785 818
2786 2393
2787 1660
2788 2614
2789 585
2790 2757
2791 146
2792 2085
2793 1414
2794 14
2795 2225
2796 423
2797 1155
2798 2685
2799 870
2800 2299
2801 19
2802 2583
2803 1990
2804 825
2805 2474
2806 421
2807 690
2808 1972
2809 568
2810 881
2811 2458
2812 823
2813 1524
2814 2764
2815 1995
2816 2739
2817 361
2818 676
2819 786
2820 287
2821 2616
2822 594
2823 531
2824 2661
2825 1826
2826 778
2827 2196
2828 2084
2829 2047
2830 1311
2831 1558
2832 647
2833 262
2834 836
2835 294
2836 702
2837 1960
2838 94
2839 1503
2840 709
2841 1065
2842 2375
2843 239
2844 566
2845 1175
2846 828
2847 520
2848 2452
2849 642
2850 1506
2851 1948
2852 1231
2853 2475
2854 2124
2855 1700
2856 2390
2857 1286
2858 186
2859 2451
2860 2690
2861 1077
2862 648
2863 855
2864 1786
2865 1411
2866 285
2867 2051
2868 2333
2869 48
2870 1778
2871 2802
2872 2005
2873 703
2874 1961
2875 1737
2876 2146
2877 1086
2878 2254
2879 2718
2880 593
2881 411
2882 334
2883 2074
2884 2696
2885 1543
2886 2257
2887 2722
2888 1010
2889 848
2890 2798
2891 107
2892 2168
2893 615
2894 1806
2895 410
2896 2215
2897 1565
2898 1276
2899 621
2900 686
2901 2303
2902 790
2903 2672
2904 463
2905 985
2906 1814
2907 943
2908 2451
2909 2516
2910 1723
2911 2891
2912 759
2913 1580
2914 1649
2915 1516
2916 1689
2917 1010
2918 1124
2919 2343
2920 1312
2921 2314
2922 352
2923 463
2924 2717
2925 1674
2926 2034
2927 44
2928 1393
2929 283
2930 243
2931 614
2932 334
2933 2392
2934 2363
2935 2189
2936 101
2937 373
2938 1230
2939 131
2940 2912
2941 2692
2942 379
2943 870
2944 615
2945 784
2946 1357
2947 928
2948 2066
2949 990
2950 1422
2951 1920
2952 1754
2953 381
2954 2937
2955 334
2956 1441
2957 2835
2958 2219
2959 1757
2960 66
2961 2160
2962 2747
2963 553
2964 1066
2965 510
2966 1307
2967 2232
2968 2057
2969 1227
2970 802
2971 827
2972 650
2973 1222
2974 2280
2975 2143
2976 1925
2977 331
2978 581
2979 428
2980 1461
2981 2047
2982 1735
2983 1505
2984 1310
2985 806
2986 1305
2987 727
2988 2049
2989 1027
2990 132
2991 2124
2992 2429
2993 504
2994 485
2995 2942
2996 901
2997 994
2998 518
2999 2457
3000 958